1,0.00145525624860098,0.00247887621182081,0.0361250056564726,0.00135088233241457,2.88141057264195e-07,1.94273471331584e-10,0.185534559884679,4.2616838453762e-06
0.00145525624860098,1,4.52602489676083e-20,0.0908473745101616,5.42858805826445e-09,2.51749941044857e-10,0.00887059579354024,0.162737120294838,2.0744940155389e-64
0.00247887621182081,4.52602489676083e-20,1,0.0633406064850514,7.00350038451579e-93,0.000214268787313296,1.45927422324444e-06,0.166570814957773,5.72736209631588e-49
0.0361250056564726,0.0908473745101616,0.0633406064850514,1,0.0482460060245604,0.150367517959257,0.155138827071465,0.104327036079557,0.0669776171821612
0.00135088233241457,5.42858805826445e-09,7.00350038451579e-93,0.0482460060245604,1,7.00436282233597e-08,9.81125013052436e-05,0.191515854798548,2.65630760497531e-54
2.88141057264195e-07,2.51749941044857e-10,0.000214268787313296,0.150367517959257,7.00436282233597e-08,1,7.60882403824137e-69,0.165152148888558,5.06267010765098e-29
1.94273471331584e-10,0.00887059579354024,1.45927422324444e-06,0.155138827071465,9.81125013052436e-05,7.60882403824137e-69,1,0.218133238983914,0.00683233328465453
0.185534559884679,0.162737120294838,0.166570814957773,0.104327036079557,0.191515854798548,0.165152148888558,0.218133238983914,1,0.128588728957997
4.2616838453762e-06,2.0744940155389e-64,5.72736209631588e-49,0.0669776171821612,2.65630760497531e-54,5.06267010765098e-29,0.00683233328465453,0.128588728957997,1
